3
16
100 25096
100 25160
100 12879
100 27929
100 9357
100 19820
100 4368
100 18320
100 11066
100 2154
300 27929
200 27929
200 25160
200 25096
200 19820
200 18320
80
100 25197
100 30680
100 9612
100 20228
100 1428
100 10476
100 2550
100 25879
100 31405
100 8171
100 11611
100 16383
100 32747
100 7821
100 5541
100 11473
100 20899
100 17698
100 8691
100 3586
100 2303
100 18040
100 32490
100 20081
100 21239
100 4863
100 13643
100 1448
100 4989
100 16171
100 1739
100 12639
100 18680
100 10522
100 3359
100 10306
100 17396
100 8567
100 20310
100 10741
100 1816
100 7070
100 16747
100 12372
100 25432
100 10497
100 25115
100 26111
100 9324
100 17354
300 32747
200 32747
200 32490
200 31405
200 30680
200 26111
300 25879
200 25879
200 25432
200 25197
200 25115
200 21239
300 20899
200 20899
200 20310
200 20228
200 20081
200 18680
300 18040
200 18040
200 17698
200 17396
200 17354
200 16747
300 16383
200 16383
200 16171
200 13643
200 12639
200 12372
320
100 25253
100 16795
100 18391
100 3320
100 12936
100 11695
100 22693
100 8883
100 17190
100 1958
100 9096
100 17132
100 15892
100 26965
100 22360
100 11308
100 18053
100 3247
100 7045
100 10289
100 32527
100 19072
100 25598
100 8258
100 7346
100 29023
100 15441
100 19391
100 11030
100 2269
100 19987
100 11516
100 26132
100 21763
100 9858
100 20559
100 19576
100 11772
100 32617
100 360
100 20485
100 14
100 3908
100 27361
100 18106
100 1999
100 9381
100 21526
100 340
100 7829
100 4310
100 28983
100 11028
100 11054
100 9664
100 31132
100 22210
100 2769
100 19211
100 30808
100 23794
100 1621
100 28295
100 2832
100 28550
100 10145
100 21451
100 782
100 1652
100 868
100 1820
100 7313
100 2506
100 19206
100 30608
100 16487
100 23791
100 15070
100 31858
100 958
100 12075
100 14501
100 18921
100 23096
100 13673
100 13866
100 6357
100 11837
100 12604
100 11336
100 1530
100 21397
100 26913
100 16917
100 27744
100 2102
100 30212
100 29789
100 16121
100 30554
100 2565
100 20815
100 9605
100 29397
100 5243
100 7285
100 24755
100 22182
100 26425
100 28394
100 14729
100 19148
100 16657
100 10183
100 5
100 22363
100 24983
100 16606
100 23813
100 32462
100 2599
100 23467
100 31588
100 21151
100 4138
100 6791
100 19558
100 13845
100 25748
100 6687
100 27478
100 17246
100 13489
100 7973
100 25709
100 1757
100 2082
100 19525
100 25334
100 1221
100 35
100 29787
100 2736
100 15591
100 7183
100 23779
100 116
100 8392
100 10021
100 1200
100 26135
100 12279
100 13196
100 17122
100 19858
100 11933
100 18069
100 21010
100 26464
100 10838
100 6721
100 7119
100 28712
100 16703
100 6147
100 22606
100 8604
100 24401
100 28870
100 22109
100 10913
100 26093
100 30258
100 32665
100 29360
100 29111
100 6443
100 27873
100 11388
100 12968
100 12699
100 7946
100 31701
100 2655
100 29554
100 12244
100 13004
100 25784
100 13547
100 3869
100 27160
100 32416
100 27152
100 8277
100 30904
100 3880
100 31104
100 19506
100 3802
100 1752
300 32665
200 32665
200 32617
200 32527
200 32462
200 32416
300 31858
200 31858
200 31701
200 31588
200 31132
200 31104
300 30904
200 30904
200 30808
200 30608
200 30554
200 30258
300 30212
200 30212
200 29789
200 29787
200 29554
200 29397
300 29360
200 29360
200 29111
200 29023
200 28983
200 28870
300 28712
200 28712
200 28550
200 28394
200 28295
200 27873
300 27744
200 27744
200 27478
200 27361
200 27160
200 27152
300 26965
200 26965
200 26913
200 26464
200 26425
200 26135
300 26132
200 26132
200 26093
200 25784
200 25748
200 25709
300 25598
200 25598
200 25334
200 25253
200 24983
200 24755
300 24401
200 24401
200 23813
200 23794
200 23791
200 23779
300 23467
200 23467
200 23096
200 22693
200 22606
200 22363
300 22360
200 22360
200 22210
200 22182
200 22109
200 21763
300 21526
200 21526
200 21451
200 21397
200 21151
200 21010
300 20815
200 20815
200 20559
200 20485
200 19987
200 19858
300 19576
200 19576
200 19558
200 19525
200 19506
200 19391
300 19211
200 19211
200 19206
200 19148
200 19072
200 18921
300 18391
200 18391
200 18106
200 18069
200 18053
200 17246
300 17190
200 17190
200 17132
200 17122
200 16917
200 16795
300 16703
200 16703
200 16657
200 16606
200 16487
200 16121
